011903191608381420
011903191608140490
011903191559243890
011903191558268720
011903191558079100
011903191543102150
011903191533052820
011903191531197070
011903191530410050
011903191530143600
011903191526512690
011903191524133450
011903191522266100
011903191502510430
011903191450089670
011903191449434470
011903191447553660
011903191446523720
011903191446489960
011903191443181770
011903191442384760
011903191437457220
011903191435102740
011903191435046120
011903191432377100
011903191430188100
011903191427011830
011903191422259680
011903191359339030
011903191356438210
011903191355205940
011903191354437640
011903191346209830
011903191344109680
011903191342314900
011903191342177440
011903191341110880
011903191340514540
011903191338132610
011903191337461240
011903191337086900
011903191336183070
011903191334503250
011903191332103680
011903191331315830
011903191330338770
011903191330124300
011903191329462790
011903191326475970
011903191326335810
011903191324409040
011903191323322410
011903191320248280
011903191320071190
011903191319255640
011903191318584720
011903191317434880
011903191317384620
011903191315113160
011903191312362070
011903191311525630
011903191311274060
011903191311228950
011903191310299880
011903191301163160
011903191257422810
011903191256012510
011903191255389670
011903191253212260
011903191250331070
011903191250050990
011903191247338160
011903191246379950
011903191245579040
011903191245227910
011903191244141130
011903191236497530
011903191236375540
011903191235519380
011903191232015400
011903191231394130
011903191228408820
011903191227142960
011903191226452500
011903191225182060
011903191220100450
011903191218261520
011903191213225900
011903191212442210
011903191208151150
011903191208136720
011903191207493420
011903191207218330
011903191203495420
011903191202505780
011903191156341430
011903191155517810
011903191155183760
011903191153260180
011903191152041450
011903191149206350
011903191149114810
011903191142263800
011903191140525630
011903191139217420
011903191139026010
011903191138349040
011903191133313130
011903191131026940
011903191129053360
011903191125024320
011903191122139580
011903191117052840
011903191114060530
011903191114048550
011903191113364640
011903191111292140
011903191111029520
011903191111018850
011903191109570900
011903191106099110
011903191104048020
011903191102592120
011903191101001870
011903191100527530
011903191057103560
011903191047275630
011903141136398270
011903141136206140
011903141134059370
011903141129254040
011903141119538060
011903141049037860
011903141015301340
011903140958195940
011903140927114690
011903140857425040
011903140857173070
011903140839150560
011903140824024110
011903140822336060
011903140819007260
011903140812358980
011903140759091580
011903140750539530
011903140709281790
011903140705431440
011903140314467650
011903140127545210
011903132315048470
011903132225057510
011903132217593160
011903132145111610
011903132139586230
011903132105226610
011903131911526830
011903131851357800
011903131846415330
011903131841167390
011903131834193450
011903131833521320
011903131821432640
011903131803335400
011903131802133840
011903131734512430
011903131728168210
011903131706269670
011903131640388990
011903131558111140
011903131544519870
011903131526214420
011903131518002930
011903131516586830
011903131513151200
011903131446587620
011903131429558070
011903131428160780
011903131422343570
011903131413006460
011903131401287720
011903131353166940
011903131353100280
011903131348379670
011903131318178770
011903131252545460
011903131234179990
011903131224439610
011903131221237630
011903131146301790
011903131145112950
011903131135206290
011903131113571430
011903131106392150
011903131059293390
011903131047398840
011903131043134930
011903131038421400
011903131024159950
011903131009283370
011903131008304940
011903131007444520
011903130955240850
011903130945499920
011903130940598130
011903130932258960
011903130927225550
011903130903246420
011903130900210070
011903130859333800
011903130848339600
011903130840581030
011903130815398070
011903130815258910
011903130811317060
011903130808322910
011903130806007880
011903130802395710
011903130801395800
011903130800590020
011903130759479430
011903130758491310
011903130749007140
011903130741401700
011903130737147010
011903130736527480
011903130733494420
011903130732248350
011903130731500960
011903130722547390
011903130716179150
011903130715545020
011903130654575570
011903130642083040
011903130635112960
011903130630360750
011903130627174310
011903130620419790
011903130616147510
011903130605077290
011903130558103390
011903130556049630
011903130530375290
011903130522339600
011903130518044830
011903130504388200
011903130406119760
011903130344204340
011903130335353100
011903130328323970
011903130326060030
011903130242503350
011903130146303810
011903130144272860
011903130113048580
011903130109507920
011903130047226490
011903130026454500
011903130026134230
011903130022118130
011903130000386520
011903122359097890
011903122350431350
011903122343267970
011903122338154790
011903122331139700
011903122322361110
011903122316471790
011903122308281640
011903122303566820
011903122254156700
011903122243478130
011903122239478790
011903122226422820
011903122220122570
011903122213413120
011903122207093830
011903122206283370
011903122154015000
011903122150519800
011903122148594360
011903122148244860
011903122144319240
011903122143312840
011903122142136330
011903122141445100
011903122140583580
011903122134440420
011903122130043630
011903122121008890
011903122120360960
011903122119011540
011903122118574870
011903122108273680
011903122104074070
011903122101073450
011903122050057920
011903122048048820
011903122045488610
011903122045335930
011903122037076790
011903122034447160
011903122033577510
011903122033385460
011903122030460090
011903122029503620
011903122024268540
011903122013121520
011903122005499330
011903122005001990
011903122003231830
011903122002193750
011903121957321860
011903121953109250
011903121947541540
011903121943588950
011903121932561970
011903121932440510
011903121925289520
011903121922368170
011903121919439680
011903121918125590
011903121913115150
011903121912322360
011903121906372340
011903121901186860
011903121855597860
011903121850127180
011903121845023350
011903121844555200
011903121841487310
011903121836419640
011903121833078380
011903121830498870
011903121825449570
011903121825380430
011903121825386940
011903121824131130
011903121819494090
011903121818207740
011903121818163130
011903121817016420
011903121813453080
011903121810588260
011903121807322460
011903121805491570
011903121804352070
011903121802469080
011903121801506430
011903121800449920
011903121754270450
011903121754055990
011903121750415350
011903121745469800
011903121732228660
011903121726452070
011903121722591670
011903121722512050
011903121721100030
011903121719272300
011903121719021020
011903121716310910
011903121713426290
011903121711572590
011903121707239930
011903121704512020
011903121703452540
011903121638402830
011903121631251510
011903121625109250
011903121601402880
011903121559269340
011903121555591180
011903121554304170
011903121530414380
011903121453351220
011903121452264560
011903121445140450
011903121432296310
011903121432275970
011903121423216870
011903121420020860
011903121407343340
011903121400520030
011903121358117480
011903121355159490
011903121338419810
011903121329261810
011903121313461520
011903121303521370
011903121255571490
011903121250523600
011903121249091760
011903121247243710
011903121244404190
011903121243034510
011903121241573180
011903121236440030
011903121218309130
011903121215100780
011903121148495430
011903121132519010
011903121132472800
011903121108086200
011903121103198490
011903121059181100
011903121026426110
011903121026257420
011903121026048000
011903121006168070
011903121000095940
011903120957236500
011903120942506840
011903120940187370
011903120930529070
011903120916324210
011903120900065700
011903120857275640
011903120837420080
011903120824594970
011903120818492950
011903120807142050
011903120751290920
011903120735265890
011903120626581220
011903120553331700
011903120538454170
011903120525141740
011903120520116070
011903120341193770
011903120241512290
011903120142066310
011903120045580360
011903120021198130
011903120019298710
011903120013494330
011903112334429110
011903112324323430
011903112320147040
011903112309562380
011903112309463450
011903112307421810
011903112255479920
011903112252197920
011903112244309970
011903112236345240
011903112224123550
011903112211280910
011903112203060200
011903112202065680
011903112155578730
011903112151413560
011903112133208610
011903112123040470
011903112119192480
011903112118277500
011903112116271850
011903112114122860
011903112107177870
011903112105346360
011903112103484280
011903112051210750
011903112050166780
011903112047014740
011903112046263680
011903112042439570
011903112034369550
011903112032367430
011903112022517770
011903112021230950
011903112019358390
011903112018200030
011903112013180870
011903112009190460
011903112005543700
011903112004211280
011903112003353380
011903112003288500
011903112003267600
011903112002185860
011903112000270570
011903111953141490
011903111949300340
011903111947186750
011903111945407220
011903111943315560
011903111927293920
011903111924378220
011903111923080930
011903111923037180
011903111917398590
011903111917089110
011903111916439090
011903111915337500
011903111915204880
011903111910539570
011903111908216130
011903111908012910
011903111907111890
011903111905274340
011903111902152800
011903111857097700
011903111851479740
011903111845166900
011903111845072440
011903111840042350
011903111838591550
011903111837215270
011903111836117760
011903111836084910
011903111833584370
011903111831040610
011903111830323190
011903111829588920
011903111823595730
011903111823216090
011903111822469790
011903111822254730
011903111818224120
011903111817331330
011903111817181910
011903111816363370
011903111816065350
011903111813259650
011903111811086410
011903111806107350
011903111802241860
011903111759258440
011903111758165560
011903111757521280
011903111757265130
011903111749109580
011903111747113410
011903111746084110
011903111745228950
011903111744185440
011903111742241750
011903111736161930
011903111735397070
011903111727297770
011903111727116550
011903111727098490
011903111721066450
011903111720317790
011903111712451080
011903111711344780
011903111710078160
011903111709070320
011903111705177170
011903111702203250
011903111702034470
011903111701143310
011903111657243840
011903111655590880
011903111654498250
011903111652480290
011903111650069920
011903111649284380
011903111648478630
011903111647523410
011903111644533940
011903111643127290
011903111639563440
011903111630255790
011903111629470180
011903111629212890
011903111628431210
011903111628009630
011903111626554660
011903111617126390
011903111612081850
011903111609546810
011903111608473910
011903111606148910
011903111600463020
011903111600183510
011903111559493630
011903111555089550
011903111554098640
011903111553592790
011903111553308900
011903111550103850
011903111549140260
011903111548302740
011903111545439540
011903111543113450
011903111542094760
011903111540542410
011903111540309970
011903111539586020
011903111539261020
011903111538187120
011903111537150840
011903111536517280
011903111535016570
011903111533137670
011903111528463930
011903111527158770
011903111526045530
011903111516376110
011903111516234580
011903111516062260
011903111515504150
011903111513212770
011903111512420000
011903111511337400
011903111510333600
011903111503234610
011903111503085590
011903111458057500
011903111456479000
011903111455538140
011903111455432250
011903111455227440
011903111445393530
011903111444278600
011903111443373300
011903111443024720
011903111442285880
011903111442251780
011903111442102850
011903111437023250
011903111434019170
011903111429022220
011903111428138400
011903111427409130
011903111422159350
011903111418295480
011903111416167180
011903111415347120
011903111413234060
011903111413189470
011903111411370870
011903111409461890
011903111409345780
011903111407347150
011903111406127560
011903111406071150
011903111404257060
011903111403429760
011903111401348120
011903111400523220
011903111359491240
011903111357366650
011903111356232530
011903111352223600
011903111350525270
011903111350497200
011903111349538480
011903111346146840
011903111345229340
011903111344592150
011903111342473760
011903111339394310
011903111337519680
011903111335413340
011903111335019590
011903111333256750
011903111332061710
011903111330369800
011903111329273400
011903111327097760
011903111325321640
011903111318302630
011903111314323540
011903111314065990
011903111313212990
011903111312498900
011903111311236760
011903111307312230
011903111305348310
011903111300491500
011903111258507420
011903111258350150
011903111256422870
011903111256344230
011903111256104010
011903111254437930
011903111251377880
011903111249353880
011903111249287290
011903111248444470
011903111248356800
011903111241237380
011903111236073900
011903111234186570
011903111233253610
011903111232386700
011903111229580970
011903111229245400
011903111225054420
011903111223595000
011903111222068700
011903111221417830
011903111220350790
011903111219145740
011903111218298300
011903111218190820
011903111216264320
011903111214576780
011903111212415430
011903111207402860
011903111206389600
011903111201161960
011903111200200440
011903111158500460
011903111158432320
011903111158435330
011903111156075830
011903111154579900
011903111153010810
011903111152243240
011903111149418340
011903111148101550
011903111146472320
011903111146004320
011903111143416210
011903111143024720
011903111141369770
011903111139019280
011903111137015630
011903111136257530
011903111132051140
011903111129142620
011903111129114540
011903111127463960
011903111125080330
011903111123398760
011903111123038880
011903111123013810
011903111122231710
011903111120212230
011903111120087070
011903111119122330
011903111117522130
011903111116017110
011903111114266010
011903111111510030
011903111111197900
011903111107183050
011903111107016970
011903111106381860
011903111105487500
011903111105233370
011903111100531600
011903111059197480
011903111058489730
011903111057032700
011903111048194730
011903111046407300
011903111046083010
011903111044367090
011903111043063330
011903111041459610
011903111040025650
011903111039181790
011903111036135390
011903111034279330
011903111033149570
011903111032118800
011903111029472820
011903111029194250
011903111029173580
011903111028552080
011903111028229370
011903111026181990
011903111025279040
011903111022306180
011903111021490560
011903111021098830
011903111014071710
011903111013456500
011903111009079270
011903111007327070
011903111006037920
011903111006006140
011903111005477000
011903111005261360
011903111004489780
011903110959385980
011903110956457070
011903110952493010
011903110952101220
011903110949280640
011903110942222050
011903110939539390
011903110938031290
011903110936037590
011903110930578310
011903110927436730
011903110927366910
011903110927177690
011903110926347310
011903110925166930
011903110924567740
011903110924499190
011903110922594910
011903110922319580
011903110918511750
011903110918124980
011903110915561380
011903110914344480
011903110913446290
011903110911316800
011903110909590070
011903110907366680
011903110906369440
011903110903386310
011903110903273600
011903110902324750
011903110859464940
011903110856062870
011903110853036290
011903110851530400
011903110845009280
011903110841433460
011903110839165960
011903110834195790
011903110833355370
011903110830270850
011903110828223800
011903110827574500
011903110824595490
011903110820324310
011903110815146480
011903110800041710
011903110756022950
011903110754527800
011903110754017230
011903110753107450
011903110750285160
011903110749141150
011903110745057150
011903110744342740
011903110741485280
011903110730217850
011903110728149100
011903110724440300
011903110724006670
011903110722288040
011903110709573330
011903110658536140
011903110653332630
011903110633358740
011903110619274200
011903110542245970
011903110433122510
011903110417456790
011903110412185010
011903110327527250
011903110253317830
011903110229555090
011903110125422070
011903110106391360
011903110024569580
011903110014248970
011903110014150770
011903110007183890
011903102350173980
011903102348111510
011903102330517490
011903102326240430
011903102317555570
011903102302406070
011903102247372420
011903102246247200
011903102240052650
011903102220452880
011903102213372100
011903102212543510
011903102203428800
011903102144522330
011903102139148550
011903102137528470
011903102129184190
011903102125034040
011903102118579300
011903102118387740
011903102102213990
011903102101321350
011903102059219990
011903102053598030
011903102051438280
011903102043411390
011903102041514250
011903102039441130
011903102035574870
011903102032417200
011903102032300580
011903102029158330
011903102026224820
011903102021471110
011903102018313930
011903102013227240
011903102011049780
011903102009181000
011903102004485690
011903102001584960
011903101959364790
011903101956345280
011903101953108060
011903101949459760
011903101946171780
011903101944416120
011903101939527970
011903101938226220
011903101933130650
011903101932008120
011903101931453120
011903101930334390
011903101925059360
011903101921027720
011903101917498780
011903101909340640
011903101906097540
011903101857015730
011903101853404430
011903101850200300
011903101848301960
011903101847094390
011903101842595700
011903101842404150
011903101840536310
011903101838279630
011903101837227890
011903101832110290
011903101831127510
011903101828356030
011903101824496510
011903101820556220
011903101814226120
011903101814165080
011903101809523010
011903101807497440
011903101807338640
011903101805541870
011903101802363760
011903101758411340
011903101756031270
011903101755142590
011903101747588680
011903101743360820
011903101743257360
011903101742357380
011903101739544860
011903101730368770
011903101725395970
011903101721436430
011903101721133810
011903101720128100
011903101716352960
011903101713134900
011903101706358480
011903101705350350
011903101701038760
011903101659498780
011903101656123280
011903101649237380
011903101647370640
011903101646101820
011903101644550510
011903101638568320
011903101637570650
011903101637506610
011903101635594650
011903101628327840
011903101628233160
011903101622126070
011903101621468080
011903101620036100
011903101609411820
011903101607253120
011903101605050610
011903101557022760
011903101554436550
011903101549459680
011903101547437850
011903101547238930
011903101541524530
011903101537057910
011903101536089790
011903101534409350
011903101530310180
011903101530277140
011903101525038060
011903101516407380
011903101515068600
011903101514449320
011903101511330330
011903101510307490
011903101510260030
011903101509030290
011903101501492340
011903101458438280
011903101453305840
011903101451478670
011903101437394080
011903101433416190
011903101430022020
011903101428405350
011903101426054060
011903101425075850
011903101423389540
011903101423202560
011903101420244390
011903101419503430
011903101417379400
011903101416359820
011903101416201040
011903101414486920
011903101410144890
011903101408044860
011903101406558250
011903101404502400
011903101404362410
011903101403531020
011903101402412600
011903101401260330
011903101358527030
011903101353237760
011903101352587930
011903101350056810
011903101346590740
011903101345509260
011903101343502000
011903101342549170
011903101341039240
011903101339253070
011903101337551020
011903101334329250
011903101332236970
011903101331495600
011903101331495700
011903101330196380
011903101320026300
011903101317112190
011903101313502240
011903101313136540
011903101312502310
011903101312140350
011903101310182560
011903101309487950
011903101307173390
011903101305246540
011903101302432020
011903101300228080
011903101259476250
011903101258295070
011903101256337520
011903101255185210
011903101243190550
011903101243106350
011903101241107650
011903101235008010
011903101232533310
011903101232386740
011903101230449740
011903101230041180
011903101228363510
011903101227018250
011903101224585980
011903101224476270
011903101223092910
011903101218594070
011903101214510760
011903101213383880
011903101206124300
011903101202329000
011903101201438250
011903101200196400
011903101159036590
011903101158474450
011903101158327780
011903101154310920
011903101152163120
011903101151458340
011903101151318870
011903101148469090
011903101147256700
011903101147069750
011903101146346550
011903101145298490
011903101140379670
011903101139179150
011903101138012430
011903101136323150
011903101132327920
011903101130586420
011903101129056780
011903101124223380
011903101122213900
011903101120494890
011903101116425470
011903101114028480
011903101112550160
011903101109159980
011903101108572250
011903101108185950
011903101107159020
011903101105147450
011903101102357020
011903101102177840
011903101101158010
011903101058053240
011903101057389630
011903101054597850
011903101054215980
011903101054176460
011903101053457590
011903101050075540
011903101049358710
011903101048457150
011903101047399340
011903101046122840
011903101044012070
011903101043280170
011903101040572520
011903101040342760
011903101040246020
011903101039524890
011903101036474240
011903101036404160
011903101035551150
011903101034064100
011903101032150240
011903101029384200
011903101029073370
011903101026553450
011903101021068400
011903101019082990
011903101017586720
011903101017365480
011903101016512140
011903101014543410
011903101014429970
011903101011584520
011903101011059900
011903101003542280
011903101003487710
011903101002344910
011903101001202880
011903100956033320
011903100953027040
011903100952541860
011903100952419270
011903100951113940
011903100950533450
011903100950349150
011903100947218770
011903100947055600
011903100945274260
011903100943429570
011903100940374210
011903100940366550
011903100937402160
011903100930298650
011903100930101220
011903100926221360
011903100923211580
011903100907562470
011903100906027740
011903100856542720
011903100855403950
011903100855178550
011903100853555230
011903100850502360
011903100837439170
011903100836080750
011903100834345760
011903100834250840
011903100834152760
011903100833586580
011903100833368450
011903100826239010
011903100809581910
011903100809281410
011903100806112470
011903100804409770
011903100801564310
011903100759405250
011903100753450860
011903100750441010
011903100734513480
011903100731303960
011903100720595150
011903100714342470
011903100709335080
011903100707073650
011903100703099760
011903100658544200
011903100656540410
011903100650191720
011903100642332980
011903100641238530
011903100640277450
011903100638527330
011903100631591650
011903100627493420
011903100620188360
011903100613515800
011903100612484290
011903100541208470
011903100539219590
011903100537004260
011903100533417010
011903100520507500
011903100519571720
011903100445510480
011903100341280500
011903100247143930
011903100217409290
011903100200278690
011903100137388070
011903100125572130
011903100045207370
011903100041075840
011903100020477490
011903100019250220
011903100017362320
011903100014326050
011903100004582810
011903100001017980
011903092359455230
011903092359316040
011903092325498590
011903092321486120
011903092315297540
011903092314217830
011903092303094510
011903092257208830
011903092256137810
011903092248568710
011903092236138650
011903092235226670
011903092227399360
011903092226097290
011903092221424850
011903092218190360
011903092205187440
011903092157240930
011903092156264010
011903092149435410
011903092146450660
011903092137294140
011903092129562840
011903092129252980
011903092128543450
011903092118317940
011903092116007980
011903092114471920
011903092109075290
011903092107544100
011903092106456550
011903092101089970
011903092047290030
011903092046055060
011903092039404510
011903092023099990
011903092023015610
011903092017301770
011903092016575060
011903092013027800
011903092013002970
011903092010299390
011903092008361720
011903092006537790
011903091955299140
011903091953510020
011903091951521190
011903091951286130
011903091951278470
011903091949099240
011903091947578210
011903091943078490
011903091939027810
011903091935321730
011903091932493990
011903091928335350
011903091926431440
011903091926389970
011903091925005380
011903091924478050
011903091917071250
011903091916558560
011903091907031540
011903091906352790
011903091901378590
011903091901069150
011903091900513170
011903091859057290
011903091856064370
011903091851569000
011903091851024940
011903091850226140
011903091848240200
011903091841548820
011903091831408520
011903091830492960
011903091830407650
011903091830221100
011903091820211210
011903091819035290
011903091816584050
011903091815361170
011903091806599300
011903091806007290
011903091803324280
011903091801084720
011903091758564410
011903091757366510
011903091756327680
011903091755367560
011903091752358190
011903091751099400
011903091747562270
011903091746413080
011903091744369620
011903091742458590
011903091722328840
011903091721235160
011903091720545400
011903091716436380
011903091713106630
011903091711488620
011903091709322640
011903091708051050
011903091707428710
011903091703199790
011903091701546050
011903091701274420
011903091700501560
011903091659400520
011903091653379790
011903091653358650
011903091647159900
011903091645425180
011903091645016410
011903091641239530
011903091638499790
011903091637195160
011903091634300380
011903091631589670
011903091629483250
011903091627383630
011903091619480750
011903091618469100
011903091614388340
011903091614325630
011903091609430930
011903091609274230
011903091608261230
011903091607425190
011903091558055190
011903091557410490
011903091557228750
011903091556128850
011903091555303350
011903091554424050
011903091554168400
011903091553313990
011903091552137240
011903091543573790
011903091543545630
011903091543359280
011903091540207130
011903091537312220
011903091529562640
011903091522496240
011903091522168510
011903091520341510
011903091516062930
011903091513383920
011903091512098370
011903091510579690
011903091507407900
011903091507176930
011903091507079450
011903091506076660
011903091505297790
011903091503577780
011903091503408830
011903091501081670
011903091500465310
011903091459547030
011903091458009880
011903091456223250
011903091455113960
011903091449008050
011903091448464750
011903091438422780
011903091432255710
011903091419271120
011903091418295810
011903091418284040
011903091417554810
011903091416061200
011903091413519000
011903091413440550
011903091405454220
011903091405118790
011903091403045460
011903091402581400
011903091359293380
011903091358585070
011903091354467320
011903091354163520
011903091354098320
011903091353454900
011903091352306230
011903091350520750
011903091348038080
011903091346493850
011903091345435080
011903091343452240
011903091342400790
011903091340404080
011903091337237030
011903091335197060
011903091334374010
011903091333556600
011903091329125160
011903091328475000
011903091326056580
011903091320075040
011903091317425460
011903091316367670
011903091314187890
011903091314120360
011903091313197790
011903091308545240
011903091308253180
011903091307349180
011903091306126270
011903091305273380
011903091302140540
011903091257506010
011903091256512390
011903091253361300
011903091250121010
011903091244446520
011903091242326470
011903091241163380
011903091237598480
011903091233524970
011903091232462020
011903091228587980
011903091226043730
011903091225440010
011903091225357330
011903091223588400
011903091222048770
011903091214492780
011903091213271530
011903091212478100
011903091209430440
011903091208126420
011903091208072490
011903091207094930
011903091205232700
011903091200448340
011903091158232100
011903091152529420
011903091151575970
011903091144077260
011903091141270780
011903091141240190
011903091139372880
011903091137037010
011903091135272590
011903091135243940
011903091134110420
011903091126142130
011903091124493810
011903091121313380
011903091120598140
011903091120430370
011903091120343620
011903091120034040
011903091119278240
011903091119228050
011903091117445180
011903091115089420
011903091114563110
011903091113080360
011903091111076640
011903091110371730
011903091107596190
011903091107245840
011903091101375660
011903091100324320
011903091100295110
011903091100198360
011903091056110490
011903091054220480
011903091052391020
011903091046422170
011903091045312480
011903091045039760
011903091041151920
011903091030581800
011903091027442900
011903091025531430
011903091021501260
011903091020056360
011903091018479480
011903091018020000
011903091017454200
011903091016095810
011903091014139340
011903091013062130
011903091012448510
011903091008559030
011903091005544230
011903091005130130
011903091001295580
011903090959013100
011903090958515740
011903090958476990
011903090958356200
011903090956091890
011903090954513350
011903090954287970
011903090954019880
011903090953081990
011903090952335580
011903090949181540
011903090944202780
011903090943478780
011903090941010090
011903090939403040
011903090937402320
011903090937295590
011903090935153260
011903090934043750
011903090933000050
011903090931430370
011903090928593600
011903090928353210
011903090926224410
011903090920239290
011903090918270560
011903090911200730
011903090859382870
011903090858093180
011903090858039150
011903090857549180
011903090854548550
011903090853379720
011903090852372740
011903090848395600
011903090846594850
011903090844566430
011903090838540180
011903090838236330
011903090832537780
011903090832295550
011903090828477340
011903090824230230
011903090824183100
011903090822216470
011903090817293750
011903090814546050
011903090813227590
011903090806036270
011903090805562220
011903090756014850
011903090751548800
011903090749410670
011903090745126370
011903090743599750
011903090741444790
011903090741099830
011903090740402700
011903090735560450
011903090731114470
011903090722465230
011903090719232100
011903090718459780
011903090718106120
011903090713006800
011903090707261370
011903090705348620
011903090646249350
011903090646129810
011903090642250340
011903090640529300
011903090631472540
011903090627130230
011903090625035970
011903090614595720
011903090614588020
011903090558294750
011903090556436120
011903090554242000
011903090545392210
011903090514439240
011903090513006770
011903090511236610
011903090506335950
011903090436193870
011903090340555940
011903090328303310
011903090316354040
011903090236472650
011903090137176180
011903090120282820
011903090034320840
011903090021540830
011903090021052060
011903090016297300
011903090013140870
011903090011182730
011903090010004040
011903090006580450
011903090006122040
011903090000440330
011903082346363600
011903082343453340
011903082342260490
011903082341324460
011903082336094590
011903082331410090
011903082327225440
011903082325521840
011903082321228780
011903082319186000
011903082313483390
011903082310160200
011903082306154740
011903082305002110
011903082248246200
011903082237188410
011903082237025410
011903082233526970
011903082233256030
011903082231141570
011903082228574290
011903082222109290
011903082217442830
011903082217394160
011903082215148820
011903082213179300
011903082211516130
011903082158543800
011903082156496460
011903082155508620
011903082153401300
011903082151563490
011903082150378300
011903082149024200
011903082146577930
011903082145076910
011903082135292580
011903082125490940
011903082122578400
011903082119119720
011903082118398730
011903082116133830
011903082111446970
011903082110501670
011903082103356740
011903082056366300
011903082053171110
011903082052226900
011903082045255080
011903082045194480
011903082043538140
011903082043453550
011903082040347960
011903082039082390
011903082038179360
011903082032344070
011903082028456590
011903082027051510
011903082024271710
011903082020161900
011903082019376240
011903082016450160
011903082014362750
011903082008503660
011903082005134560
011903082004558480
011903082000259750
011903081954163590
011903081947243490
011903081941360640
011903081936206690
011903081936073590
011903081932374270
011903081930289930
011903081929581050
011903081924414000
011903081920554070
011903081919502740
011903081916589660
011903081916497600
011903081913207020
011903081912267600
011903081908274480
011903081906162750
011903081905072210
011903081901377560
011903081859288630
011903081856258780
011903081856110490
011903081855445570
011903081852010640
011903081850338710
011903081849334240
011903081845483520
011903081844107070
011903081840111280
011903081836486030
011903081833470750
011903081833366910
011903081833049540
011903081832035430
011903081829487390
011903081824006990
011903081820521830
011903081819423440
011903081818055810
011903081816315290
011903081815176640
011903081813584360
011903081812152880
011903081809023130
011903081805381800
011903081804267250
011903081804128680
011903081804069440
011903081757503150
011903081756245560
011903081755183820
011903081754172540
011903081751345090
011903081747315490
011903081747063750
011903081744425640
011903081743551180
011903081743218620
011903081743035590
011903081742054610
011903081739307770
011903081738585870
011903081737117110
011903081736374000
011903081731160670
011903081724200600
011903081723264680
011903081721490190
011903081717532810
011903081716134210
011903081715063350
011903081709120420
011903081700022350
011903081656311680
011903081655560340
011903081655516500
011903081653075690
011903081652460850
011903081650530690
011903081649578470
011903081643056650
011903081642545650
011903081642421370
011903081641073840
011903081634584670
011903081634105710
011903081625231170
011903081616319860
011903081613405500
011903081613327240
011903081612430040
011903081609421470
011903081603009360
011903081558335630
011903081557535890
011903081554558590
011903081550321520
011903081550251490
011903081548469670
011903081545494670
011903081544278830
011903081539304060
011903081538373120
011903081536528650
011903081532431530
011903081532223640
011903081531236350
011903081530403400
011903081530082920
011903081528256220
011903081527056590
011903081523553150
011903081522546700
011903081520500680
011903081518150010
011903081516400310
011903081515533150
011903081514002940
011903081512534430
011903081512316740
011903081511051810
011903081507375520
011903081506124940
011903081502256500
011903081501173430
011903081501111790
011903081500209600
011903081459593880
011903081456548730
011903081455154750
011903081454563770
011903081452159830
011903081446539790
011903081446461940
011903081445432970
011903081444563810
011903081440064950
011903081438525860
011903081438400620
011903081438339050
011903081437535450
011903081434153330
011903081431472480
011903081430501340
011903081425571250
011903081425311310
011903081424243200
011903081423424070
011903081416567930
011903081416437030
011903081416051280
011903081415057330
011903081413027030
011903081412378570
011903081411594300
011903081411417920
011903081410526900
011903081408209840
011903081408079470
011903081407316470
011903081406596270
011903081406557590
011903081405118030
011903081404258850
011903081402123350
011903081401535460
011903081401473410
011903081359303340
011903081355575050
011903081355391850
011903081355066930
011903081354433500
011903081351433210
011903081349396650
011903081348494230
011903081345091560
011903081343434170
011903081342558390
011903081341098570
011903081340513420
011903081339534850
011903081339423350
011903081338451290
011903081338299470
011903081337165590
011903081333171450
011903081333152610
011903081330518690
011903081330158390
011903081328510750
011903081326547620
011903081326392120
011903081325432340
011903081324483640
011903081323544900
011903081323486480
011903081322407830
011903081318302400
011903081316378350
011903081316051780
011903081315525350
011903081315325540
011903081314561240
011903081314270290
011903081313263800
011903081312078450
011903081312061410
011903081308303750
011903081307072280
011903081306229180
011903081303562720
011903081303484350
011903081303150060
011903081301463320
011903081300311980
011903081300041300
011903081259274730
011903081259068840
011903081257512180
011903081255258960
011903081254347440
011903081253556560
011903081252544700
011903081251299980
011903081250169480
011903081249244930
011903081249202880
011903081248173520
011903081247146940
011903081247133890
011903081246055730
011903081244555140
011903081244220710
011903081243111250
011903081239256910
011903081239029910
011903081238573120
011903081234053240
011903081233152040
011903081231584500
011903081228488900
011903081228356730
011903081228123370
011903081224542920
011903081221161340
011903081220580150
011903081218121880
011903081217221580
011903081216522480
011903081214299050
011903081211524680
011903081209023240
011903081208462280
011903081208005320
011903081207548700
011903081206536730
011903081206234040
011903081204192640
011903081203426930
011903081202428070
011903081201210310
011903081201025960
011903081200592400
011903081200434480
011903081157542770
011903081157021280
011903081155581010
011903081155440640
011903081155043200
011903081153324800
011903081151076990
011903081150444960
011903081150391950
011903081148394880
011903081148223410
011903081147459100
011903081147447140
011903081147216040
011903081146582150
011903081146150040
011903081146143980
011903081146063980
011903081143377560
011903081143041730
011903081142464690
011903081142258570
011903081140551490
011903081138371440
011903081138167130
011903081134507650
011903081133140220
011903081131165830
011903081129133450
011903081128326920
011903081127404950
011903081125413720
011903081125198220
011903081124388540
011903081120320710
011903081118504680
011903081118350370
011903081118070860
011903081117461200
011903081117402710
011903081116018520
011903081111180300
011903081108236450
011903081108110230
011903081106319790
011903081106277330
011903081106130820
011903081102537150
011903081102317320
011903081102032850
011903081101471020
011903081059526380
011903081058570430
011903081058156850
011903081056586870
011903081056156700
011903081055448430
011903081055439120
011903081052088330
011903081051415210
011903081051197340
011903081051031460
011903081047450890
011903081047310310
011903081046347060
011903081046069190
011903081043591710
011903081043435300
011903081043268500
011903081042499560
011903081042450950
011903081040114790
011903081038059200
011903081037166230
011903081032354740
011903081032218290
011903081030310950
011903081029589350
011903081029223430
011903081027323880
011903081027040000
011903081026113330
011903081022066330
011903081021109080
011903081015237740
011903081014263260
011903081014068450
011903081013231410
011903081013155330
011903081011234530
011903081010444480
011903081010046580
011903081006091320
011903081005226690
011903081003040030
011903081002375800
011903081001116510
011903081000422460
011903080959080160
011903080955052280
011903080954360400
011903080954331730
011903080953029690
011903080951426740
011903080949239680
011903080948494040
011903080946505180
011903080944430410
011903080944051340
011903080939347080
011903080936395070
011903080934092350
011903080931532340
011903080929275220
011903080928598160
011903080928037470
011903080927318380
011903080927185120
011903080922178770
011903080915100750
011903080913592190
011903080913273180
011903080909432430
011903080909126310
011903080908555890
011903080908459770
011903080908093860
011903080906228040
011903080902550860
011903080900254500
011903080858040090
011903080857599400
011903080853179310
011903080851597350
011903080850589150
011903080850577520
011903080850244750
011903080849090820
011903080848108100
011903080845053090
011903080844192950
011903080841336840
011903080838428240
011903080837324470
011903080837253660
011903080837067500
011903080836444200
011903080830511890
011903080830143600
011903080827105190
011903080826117850
011903080825048950
011903080823273350
011903080822545210
011903080818080570
011903080816434050
011903080814189460
011903080813041010
011903080810420890
011903080810033060
011903080807488890
011903080807000900
011903080805496860
011903080801513090
011903080801052010
011903080750360580
011903080746076220
011903080746027870
011903080744064990
011903080743477330
011903080743368840
011903080741572110
011903080739454730
011903080739336830
011903080733312960
011903080733222290
011903080728142770
011903080728110100
011903080726346220
011903080725416950
011903080721472100
011903080720077580
011903080715168450
011903080710077900
011903080709452660
011903080707233060
011903080704551130
011903080646378500
011903080645446480
011903080643445090
011903080642514380
011903080638288110
011903080634254690
011903080633256090
011903080632242190
011903080627166230
011903080619081360
011903080617284150
011903080556446420
011903080544471150
011903080526344580
011903080524098500
011903080500234930
011903080451071540
011903080449020960
011903080442189630
011903080430209860
011903080344391360
011903080251144510
011903080248151020
011903080225590140
011903080120003460
011903080056314030
011903080039329320
011903080033432080
011903080033030100
011903080028446520
011903080005129010
011903072359033300
011903072356475200
011903072340173600
011903072337056200
011903072335137330
011903072317564500
011903072309324930
011903072307186950
011903072257550740
011903072247532320
011903072230567810
011903072226533300
011903072218033350
011903072210324560
011903072207535850
011903072205320370
011903072203253010
011903072202275260
011903072157045780
011903072155473300
011903072143411640
011903072142518630
011903072139429720
011903072134010700
011903072133556750
011903072130109370
011903072128448730
011903072128435230
011903072125130850
011903072124021610
011903072119347080
011903072114350910
011903072113225440
011903072110042620
011903072104358080
011903072100378500
011903072056234870
011903072055514980
011903072053531600
011903072049049630
011903072046580310
011903072046506950
011903072039459700
011903072036093920
011903072035388030
011903072029321290
011903072027034970
011903072019550290
011903072018549950
011903072014115130
011903072013453250
011903072009101470
011903072008234040
011903072007103790
011903072005043840
011903072004121440
011903072003240930
011903071956195320
011903071952314210
011903071945349760
011903071944511810
011903071939569380
011903071938516140
011903071934163920
011903071926223260
011903071926081710
011903071925567080
011903071915380270
011903071914419110
011903071911083320
011903071904318130
011903071903358730
011903071901372390
011903071856557040
011903071856233770
011903071854413400
011903071852395720
011903071848436450
011903071848392900
011903071848222060
011903071847440640
011903071844041260
011903071842192350
011903071841158240
011903071840268420
011903071837265290
011903071835131400
011903071834375420
011903071830313140
011903071828353740
011903071825524180
011903071819394890
011903071817164980
011903071815367770
011903071809241440
011903071809004160
011903071806317200
011903071805215530
011903071802056390
011903071800150290
011903071755546190
011903071754561010
011903071748434180
011903071746508590
011903071744576540
011903071739261810
011903071738507990
011903071737144950
011903071734406570
011903071727152780
011903071722529040
011903071721467920
011903071713228860
011903071712039810
011903071711041350
011903071710352500
011903071706129930
011903071703151020
011903071701148520
011903071700456600
011903071659211850
011903071659030330
011903071657147470
011903071655278050
011903071655059510
011903071650283670
011903071648072890
011903071644489000
011903071643415330
011903071641223820
011903071637560240
011903071630585200
011903071626145350
011903071625248050
011903071624393200
011903071614492640
011903071614207440
011903071607172880
011903071605161110
011903071603566960
011903071602028420
011903071601131230
011903071601091880
011903071600336110
011903071559219560
011903071558031990
011903071546315170
011903071542104890
011903071538446790
011903071530464710
011903071529103110
011903071526502860
011903071524430500
011903071521328380
011903071520533220
011903071518188210
011903071516285510
011903071510283490
011903071502471750
011903071502242740
011903071450113980
011903071445490460
011903071443415590
011903071432214630
011903071431534960
011903071431081840
011903071426579670
011903071417045150
011903071413451140
011903071405304710
011903071403327150
011903071401494200
011903071400092060
011903071359378930
011903071359083420
011903071356429030
011903071351134210
011903071350286640
011903071344507450
011903071343405160
011903071343172530
011903071343160580
011903071341262750
011903071336081810
011903071333031940
011903071326524970
011903071319170380
011903071317140410
011903071312531220
011903071311374700
011903071308261670
011903071304376880
011903071303112880
011903071302546100
011903071302157310
011903071257547480
011903071257035750
011903071256546760
011903071256276280
011903071249377650
011903071248121190
011903071235503510
011903071234419520
011903071234400120
011903071234336220
011903071233434490
011903071230535990
011903071229235250
011903071222121450
011903071221451670
011903071221233500
011903071221174990
011903071220563840
011903071213262090
011903071211561020
011903071211285480
011903071210017450
011903071158448780
011903071158377630
011903071158160710
011903071157436460
011903071155265640
011903071150042040
011903071147545290
011903071147284220
011903071146538880
011903071146517620
011903071146201960
011903071146030440
011903071142079570
011903071139482390
011903071135166930
011903071133424030
011903071132240080
011903071127115030
011903071127052090
011903071125114660
011903071122116960
011903071118553590
011903071118015580
011903071114257000
011903071113555390
011903071112307780
011903071109186100
011903071108490410
011903071107034730
011903071102049290
011903071054129660
011903071050418490
011903071050127230
011903071049510450
011903071046476810
011903071044347150
011903071041167580
011903071041146420
011903071038514540
011903071033002780
011903071029434380
011903071028428960
011903071028414030
011903071023230110
011903071021398350
011903071017568100
011903071017214490
011903071015424020
011903071013118390
011903071010495130
011903071007414920
011903071007159600
011903071001120270
011903070951271350
011903070948312500
011903070945125640
011903070943476540
011903070936104980
011903070935444770
011903070932501280
011903070931039510
011903070930283700
011903070928444010
011903070924076060
011903070922336940
011903070921451700
011903070917414640
011903070914030730
011903070914011660
011903070907026920
011903070904376550
011903070903230070
011903070856325210
011903070850357320
011903070846286540
011903070844540190
011903070844081910
011903070843218940
011903070842051620
011903070838428520
011903070835360020
011903070835123160
011903070834320500
011903070832136200
011903070830592200
011903070827203380
011903070826147320
011903070822560210
011903070819042310
011903070814146750
011903070805258590
011903070756185590
011903070749141160
011903070743243340
011903070730473300
011903070727305970
011903070720047460
011903070718458290
011903070655520600
011903070631388310
011903070619455870
011903070606498820
011903070544091930
011903070530199230
011903070508279220
011903070406421410
011903070325305090
011903070324314030
011903070257109500
011903070243265750
011903070239306940
011903070212419400
011903070153080550
011903070118548880
011903070112356190
011903070106299320
011903070057183610
011903070040214060
011903062358224480
011903062355590160
011903062341502160
011903062340581240
011903062340557710
011903062335215900
011903062329172370
011903062308455240
011903062301449880
011903062300241510
011903062259575210
011903062255357870
011903062254317640
011903062252397360
011903062250448790
011903062250204330
011903062247027660
011903062240421340
011903062237210190
011903062236464250
011903062235099180
011903062235021320
011903062234462321
011903062233411510
011903062232024000
011903062231361290
011903062231100520
011903062230417120
011903062222555400
011903062221310050
011903062216116000
011903062215313610
011903062212022970
011903062209564910
011903062204339640
011903062158313950
011903062156550390
011903062156447440
011903062154151870
011903062152325990
011903062143598990
011903062133095220
011903062132068130
011903062122573930
011903062115311770
011903062108079890
011903062105488760
011903062101128450
011903062058179160
011903062056412140
011903062056191800
011903062054195760
011903062052572820
011903062050096250
011903062049562030
011903062048472160
011903062047542230
011903062046323170
011903062046002950
011903062044225260
011903062036523870
011903062031318730
011903062030081080
011903062027430820
011903062027060980
011903062018334220
011903062018295230
011903062009333280
011903062007282050
011903062007126510
011903061956197640
011903061941260090
011903061930216310
011903061930002640
011903061928382580
011903061923136900
011903061919507070
011903061919192040
011903061918173520
011903061914279220
011903061912116880
011903061906594190
011903061905235990
011903061905177220
011903061904517260
011903061904505200
011903061904140650
011903061903331400
011903061856136720
011903061847175920
011903061846142400
011903061842235910
011903061835153040
011903061833194700
011903061831296630
011903061830142310
011903061829320850
011903061829148420
011903061828200720
011903061825006170
011903061817437780
011903061813053710
011903061808480220
011903061800299890
011903061758241330
011903061758018740
011903061757479060
011903061755270060
011903061754454270
011903061750046820
011903061749049020
011903061748461920
011903061746580060
011903061745431680
011903061742341390
011903061740141580
011903061738553920
011903061735057040
011903061729338270
011903061728489500
011903061727159960
011903061722348730
011903061721558400
011903061718271220
011903061715040090
011903061711564250
011903061711213210
011903061710159550
011903061705371190
011903061700458410
011903061700333680
011903061657397390
011903061654429650
011903061653087630
011903061651306390
011903061649056500
011903061646154700
011903061636436980
011903061636093480
011903061633527020
011903061628552710
011903061628364680
011903061627024920
011903061625431220
011903061622093660
011903061621133190
011903061620167870
011903061619510440
011903061611363820
011903061610237210
011903061607430850
011903061607085970
011903061606248530
011903061605474330
011903061605195890
011903061604276060
011903061603162130
011903061602088100
011903061601115110
011903061600487100
011903061559351260
011903061559021470
011903061558059590
011903061557129950
011903061556469260
011903061556147200
011903061553480850
011903061551502730
011903061551097730
011903061547249730
011903061544517030
011903061543595410
011903061542417840
011903061542243420
011903061542057070
011903061540463440
011903061538055790
011903061537370040
011903061532489970
011903061530280970
011903061529550860
011903061526527100
011903061525326880
011903061525132030
011903061523433610
011903061523437860
011903061522050670
011903061521337390
011903061519423440
011903061513203310
011903061512477540
011903061511407330
011903061511384220
011903061508303210
011903061508098440
011903061508014940
011903061507351000
011903061506064080
011903061505500110
011903061505237000
011903061505222170
011903061504493960
011903061503189200
011903061502588250
011903061502343760
011903061500366830
011903061500024110
011903061459273120
011903061458037550
011903061452275860
011903061452151700
011903061451143400
011903061449198920
011903061445082810
011903061443173250
011903061442039980
011903061441523280
011903061440333770
011903061440088140
011903061436271960
011903061433386530
011903061433030630
011903061432594570
011903061432486960
011903061430195740
011903061428318470
011903061427401910
011903061422505460
011903061422460590
011903061422386270
011903061420521050
011903061420017280
011903061417141590
011903061416471130
011903061416477070
011903061416276850
011903061415587730
011903061413364040
011903061411213710
011903061410159790
011903061410043250
011903061409502290
011903061408247570
011903061406198010
011903061402119580
011903061401440180
011903061400296840
011903061358261300
011903061357270540
011903061356005620
011903061355504250
011903061355050320
011903061354471450
011903061354415850
011903061351584520
011903061351445800
011903061349048440
011903061348581910
011903061347030790
011903061343518870
011903061343194910
011903061343051620
011903061339301950
011903061339275010
011903061337199400
011903061327190870
011903061324003500
011903061322288520
011903061321127320
011903061321072850
011903061319421570
011903061318154760
011903061318081770
011903061317084040
011903061316172500
011903061314523460
011903061313433490
011903061313355300
011903061312582200
011903061312503170
011903061307591780
011903061306332030
011903061306267410
011903061303033740
011903061257378160
011903061253588970
011903061252267050
011903061249339380
011903061249122930
011903061248597450
011903061246496310
011903061244146950
011903061242390900
011903061235163640
011903061232182970
011903061231390420
011903061231180920
011903061228541610
011903061227390780
011903061222591110
011903061217551130
011903061216299440
011903061216091880
011903061216004400
011903061214580080
011903061214547340
011903061214154390
011903061211595830
011903061211366590
011903061210576560
011903061208424830
011903061208100470
011903061207497090
011903061204232270
011903061203465010
011903061203046360
011903061202087240
011903061200249820
011903061155422440
011903061150424510
011903061149313140
011903061148445630
011903061143262440
011903061142043590
011903061139254730
011903061137518680
011903061137116530
011903061134249200
011903061132354030
011903061132167780
011903061130261070
011903061129489230
011903061129308620
011903061128507140
011903061128165660
011903061128032520
011903061127250630
011903061126010440
011903061123162570
011903061122278790
011903061122021950
011903061120363960
011903061119250390
011903061119101360
011903061112572340
011903061111539650
011903061111258950
011903061109481360
011903061107027280
011903061105193080
011903061104540470
011903061059353070
011903061058488420
011903061058065200
011903061057403660
011903061057304770
011903061055500800
011903061054423430
011903061053413410
011903061053131190
011903061049327220
011903061049272350
011903061044053200
011903061042460970
011903061041313040
011903061038017550
011903061036048150
011903061035402790
011903061034592590
011903061033586330
011903061033386170
011903061033169900
011903061030552850
011903061030493720
011903061029382930
011903061028238720
011903061027565130
011903061026380890
011903061026234500
011903061025572540
011903061024239810
011903061023239990
011903061022309050
011903061021152420
011903061021144630
011903061019120760
011903061017161000
011903061016143370
011903061016103960
011903061016089470
011903061004560720
011903061001300900
011903060959318890
011903060957339330
011903060956349660
011903060954446370
011903060953393920
011903060946424240
011903060940456710
011903060938116270
011903060938033620
011903060937144410
011903060935186710
011903060934113300
011903060933435930
011903060932460200
011903060930037970
011903060927321920
011903060926275920
011903060925570220
011903060922582740
011903060920563810
011903060920350930
011903060918157480
011903060917076830
011903060916468700
011903060915520590
011903060911385640
011903060910372750
011903060909036090
011903060908464220
011903060907448880
011903060902088490
011903060900124830
011903060857336280
011903060850592770
011903060848459470
011903060847124330
011903060840129780
011903060839255330
011903060835014390
011903060834545890
011903060833052320
011903060832428460
011903060829275880
011903060826494130
011903060826398360
011903060825210100
011903060825141400
011903060825041300
011903060823597090
011903060823523560
011903060818581800
011903060816006320
011903060809025860
011903060758012080
011903060757547840
011903060755517040
011903060754370350
011903060746261580
011903060733473230
011903060729040430
011903060719497290
011903060717287790
011903060713430770
011903060703280160
011903060700170990
011903060658486500
011903060640519420
011903060631195800
011903060624567840
011903060615080140
011903060608239940
011903060608209040
011903060603174840
011903060558440650
011903060542337650
011903060539593330
011903060521313270
011903060502176970
011903060430595280
011903060416395310
011903060352270920
011903060348477590
011903060348440580
011903060342264700
011903060212284860
011903060138208960
011903060122452720
011903060104063650
011903060054047900
011903060041532680
011903060038115480
011903060036149150
011903060032538290
011903060013591100
011903060002089940
011903052352340900
011903052346119590
011903052327440640
011903052326271440
011903052308138220
011903052303387110
011903052257349700
011903052249359400
011903052246174680
011903052242037300
011903052229086280
011903052228410820
011903052224496140
011903052222195970
011903052213215370
011903052207244870
011903052205247580
011903052157460350
011903052155101170
011903052149207300
011903052144005380
011903052138373940
011903052136234080
011903052133213730
011903052129589050
011903052128220790
011903052126524200
011903052126067210
011903052123087720
011903052122354180
011903052118513610
011903052118314860
011903052115312740
011903052106334890
011903052104229350
011903052058057620
011903052057343300
011903052056280430
011903052050228540
011903052049503770
011903052049083030
011903052040128110
011903052028150490
011903052022326440
011903052022183290
011903052018285610
011903052016067560
011903052013215770
011903052011273670
011903052009388030
011903052006095860
011903052002022480
011903051959429110
011903051955490880
011903051954091970
011903051953172900
011903051952035790
011903051949517020
011903051939490780
011903051929194680
011903051925013880
011903051922334030
011903051921381730
011903051920242570
011903051919342200
011903051909579420
011903051909511860
011903051844353630
011903051842261890
011903051833167040
011903051814380180
011903051733476440
011903051721477960
011903051707277330
011903051653432040
011903051646526760
011903051622137540
011903051617048430
011903051615281250
011903051547426920
011903051528551000
011903051507111510
011903051447159750
011903051439098570
011903051416247890
011903051355551680
011903051342191510
011903051300055250
011903051242112960
011903051232502230
011903051229010540
011903051208268430
011903051123223850
011903051119295580
011903051102508260
011903051058425310
011903051002120740
011903051001298260
011903050929286770
011903050921590440
011903050918328690
011903050917308180
011903050913571710
011903050852155150
011903050804079310
011903050721483060
011903050625579180
011903042328087180
011903042223562620
011903042145241770
011903042143041610
011903042105371640
011903041950165970
011903041923448570
011903041847337700
011903041842383640
011903041813140960
011903041802385640
011903041741186550
011903041655574060
011903041644511780
011903041604093510
011903041600136690
011903041520380180
011903041436006550
011903041355229570
011903041229020980
011903041210370220
011903041206315610
011903041019518590
011903041001241370
011903040938132510
011903040925033520
011903040857576610
011903040838161910
011903040416039250
011903040221073430
011903032039409820
011903031942487620
011903031721316610
011903031658557160
011903031607342630
011903031555053780
011903031527375780
011903031421321200
011903031414552660
011903031259272140
011903031022478440
011903030913575370
011903030803074450
011903030642343900
011903030133209300
011903030015288060
011903022106251080
011903021944117850
011903021846268370
011903021621169250
011903021539326630
011903021517555310
011903021423206730
011903021248024190
011903021247479390
011903021155466440
011903021145549640
011903021045198760
011903021036173090
011903021020265710
011903020802571080
011903020156427460
011903012353080600
011903012303593850
011903012225481330
011903012200580550
011903011948452940
011903011834474340
011903011651023260
011903011503272770
011903011451075490
011903011428176290
011903011346536860
011903011335332860
011903011310580590
011903011218243390
011903011206272790
011903011107247680
011903011107155450
011903011047477760
011903011040520540
011903011037450320
011903011020343380
011903011018086420
011903010952377450
011903010811109980
011902282033522020
011902281959482700
011902281933375710
011902281853136030
011902281824309430
011902281751480360
011902281746429230
011902281735281840
011902281616100300
011902281554584340
011902281544043280
011902281524506600
011902281524486550
011902281509309870
011902281509183120
011902281503478820
011902281445159470
011902281319240960
011902281253258590
011902281122062220
011902280836225560
011902280820282900
011902280634229290
011902280355189270
011902272033511460
011902271852003240
011902271638187420
011902271625277580
011902271544547140
011902271446060920
011902271404015700
011902271319043490
011902271309349460
011902271216351630
011902271153031850
011902270957329880
011902270932414400
011902270847400220
011902270837472580
011902262314254570
011902262259315820
011902262249115310
011902262132588190
011902262110258410
011902262000172740
011902261900037540
011902261742001000
011902261613393720
011902261414555830
011902261332463540
011902261317148500
011902261313579720
011902261305065580
011902261142502760
011902261123278270
011902261013455710
011902260952016970
011902260947311910
011902260926582650
011902260900036880
011902260855160670
011902260556267150
011902260242471430
011902252125417820
011902252005008480
011902251920108020
011902251803552120
011902251737255230
011902251529049740
011902251502352590
011902251458153690
011902251451453680
011902251441063040
011902250944041760
011902250907048410
011902250451272990
011902242105192470
011902242031104650
011902242029276310
011902241958319440
011902241928133960
011902241818283230
011902241439189020
011902241435017980
011902241332155920
011902241317427690
011902241059107770
011902241003431760
011902240735338300
011902240203101310
011902240040086210
011902231845054720
011902231834563070
011902231702115400
011902231314104060
011902231140070630
011902231130177590
011902231122529230
011902231115084700
011902231054006190
011902231040520570
011902230645378460
011902230050532600
011902222124517570
011902222119002430
011902222002499020
011902221957364600
011902221904517700
011902221725229920
011902221500207140
011902221453175420
011902221419303740
011902221322300350
011902221312225680
011902221216265290
011902221124026910
011902221109352050
011902221053075100
011902221033564740
011902220955125120
011902220717237010
011902212026025430
011902211812329600
011902211800107250
011902211759526640
011902211614176670
011902211430127700
011902211324531620
011902211226393420
011902211148353640
011902211116081710
011902210900554390
011902210723075800
011902210602500370
011902202104357510
011902201856484210
011902201832492090
011902201501457630
011902201501010470
011902201500279540
011902201237205930
011902201122118470
011902200700422160
011902192340014600
011902192145337350
011902191137096680
011902191047193130
011902190958344330
011902182039456420
011902182025020620
011902181955515480
011902181750498080
011902181613482690
011902181450430420
011902181122320930
011902181035148320
011902180929358970
011902180927442260
011902180835083750
011902180539344400
011902180006436180
011902172046083140
011902171608246420
011902171216526500
011902171148476620
011902171117180280
011902162159415550
011902161847560320
011902161841589860
011902161824047510
011902161422540440
011902161218333130
011902161208394270
011902161203414230
011902161154235870
011902161135169980
011902160735556290
011902152241254150
011902151724443440
011902151623277850
011902151514547480
011902151423176890
011902151252515240
011902151247053410
011902151236129600
011902151125567940
011902150958202520
011902150928074010
011902150254405660
011902142156480860
011902141906137470
011902141737493580
011902141712110550
011902141447386900
011902141224020290
011902141123415260
011902141023435420
011902141006211180
011902140859068940
011902131307074410
011902131211201180
011902131113060550
011902131046231490
011902130929214680
011902121816455020
011902121254221680
011902121049460750
011902121047397220
011902120925560630
011902120655537020
011902120506325210
011902111712103260
011902111144485370
011902111121583160
011902110750006680
011902102307561660
011902101758089230
011902091617144100
011902091141099070
011902090925148950
011902090555502350
011902081958059360
011902081625337900
011902081519533650
011902080837587480
011902072046496190
011902071858252650
011902071834070780
011902071507374900
011902071227287000
011902070107522190
011902061439481230
011902061337345700
011902060852228060
011902051246181570
011902051110180830
011902051024038520
011902040917524010
011902040909454330
011902032056121190
011902031449218080
011902031204076370
011902030045377450
011902021750250930
011902021236127610
011902011842125440
011902011406584010
011902011147030170
011902010815535560
011902010117336080
011901312002337450
011901310904239850
011901310854012700
011901310623125340
011901310119490600
011901301910027850
011901301215570730
011901300914585430
011901300138330250
011901291256470750
011901291108141210
011901290528252560
011901290226390100
011901282119223990
011901282113515190
011901282021087620
011901281556128280
011901281340491920
011901281339011190
011901281322565130
011901271636024750
011901271219299200
011901261601384830
011901261547187630
011901260917115040
011901260114109410
011901251939044880
011901251858520680
011901251500124110
011901251354035780
011901251045062820
011901250948376960
011901242235413940
011901242146586590
011901232048064440
011901232026444800
011901231956581560
011901231713265720
011901231418532420
011901221932139260
011901221552205270
011901221511238170
011901221325008590
011901221131077920
011901220936097050
011901211733330870
011901211600167890
011901211350557660
011901210941388230
011901201927463830
011901201302297480
011901200141099390
011901192121106290
011901191638063470
011901190818545620
011901182328062460
011901182035439290
011901181956162880
011901181257328000
011901180954506930
011901180950541250
011901161904038980
011901151828364000
011901151001585650
011901141251073020
011901132257584390
011901131241021450
011901131122183280
011901131045108140
011901131014583350
011901121832346970
011901121619534100
011901120919081240
011901111942463640
011901111941035070
011901111507057230
011901111454086410
011901111425328980
011901111401106350
011901111356163060
011901111129228910
011901111101146490
011901110950597740
011901110934453690
011901110914436000
011901102311573150
011901102220141770
011901101804444620
011901101753404920
011901101731220490
011901101140557970
011901092314115350
011901091745394990
011901091226173850
011901090722593910
011901082201042710
011901081217258390
011901081048157100
011901071958369710
011901071447255200
011901071348164140
011901062144332970
011901061409440470
011901052017142090
011901051758518170
011901051732334990
011901050924007500
011901041931095590
011901041831138950
011901041617463850
011901041438348090
011901041413435850
011901041349283600
011901041300250680
011901031836394520
011901031630571830
011901031532564070
011901031450462280
011901031436085540
011901031242154250
011901031224269920
011901031004113070
011901021421177730
011901010937595550
011901010851550960
011812311722048720
011812311652410980
011812311449124740
011812310513532130
011812301002395370
011812300656514060
011812292325047590
011812292320442180
011812291941414720
011812291902206600
011812291724570520
011812291149276180
011812282047181660
011812282042022670
011812282003505070
011812281612175670
011812280930530610
011812280636355780
011812280544320160
011812280408507400
011812271844066670
011812271737082870
011812270921166610
011812270801035440
011812261405109810
011812252130471070
011812251747004680
011812251513553280
011812231811422260
011812231417117030
011812222310004660
011812221712136010
011812221701152050
011812221554145590
011812221347379090
011812221336459770
011812221011422820
011812211435133640
011812211359381180
011812211049035690
011812202250072890
011812202014542700
011812201558293540
011812201211088620
011812191159396200
011812182002414720
011812180926565750
011812171917088070
011812170029393200
011812161243213080
011812152357284640
011812151325549040
011812151020049450
011812141340119220
011812141234067270
011812141134327260
011812141121112920
011812141114473920
011812132140418950
011812131714276580
011812131320163840
011812111648297700
011812111518499180
011812111020275960
011812110941305230
011812101734237510
011812101335574800
011812101220192850
011812101157077770
011812101058158040
011812101012303740
011812091509386650
011812081532037320
011812081354319340
011812081219166920
011812081210593080
011812080646076690
011812072344295930
011812071753504530
011812061834152190
011812051425322020
011812040931127080
011812040738496080
011812031625082320
011812030314567970
011812011318370250
011812010639264630
011811300441574250
011811291343270810
011811290957227660
011811290821081240
011811290809215250
011811280946346950
011811271025205140
011811270543396120
011811261352080680
011811260921527690
011811241607527990
011811232324247730
011811231518241300
011811231344511390
011811231011351960
011811230621049830
011811230022126640
011811191417306270
011811180926099970
011811171758173630
011811171356025380
011811171218386030
011811171002430950
011811170701424380
011811142128320120
011811141930489660
011811141601450670
011811141341498180
011811141154291840
011811141036030280
011811121123000190
011811121114128470
011811120933478050
011811120513308340
011811112000275810
011811111528005270
011811111430379720
011811092102485960
011811091205128030
011811050923136150
011811050752377370
011811041430314990
011811031938024590
011811031624132080
011810291737544500
011810291204208130
011810271216237660
011810261620422370
011810261540228030
011810260907038070
011810252225230940
011810252116431010
011810241510399180
011810240821114710
011810211308290800
011810202329419860
011810201146134440
011810191404203700
011810181029421100
011810170804139050
011810160519090070
011810141818483390
011810141222136520
011810141041343780
011810140921455550
011810121548427890
011810121304430590
011810120802536680
011810111051331990
011810110646027080
011810101021414280
011810091116312650
011810090800145740
011810081938263780
011810081824088020
011810071515157380
011810032349376790
011810031451150420
011810030749522520
011810030548326770
011810011558551580
011810010726487410
011809271421339010
011809251432207080
011809221521393650
011809212153468990
011809201141011140
011809190959591020
011809181657334660
011809172359066440
011809142038488820
011809141518249360
011809131044250030
011809091048229900
011809081444383390
011809032341507280
011808281441404410
011808261723119750
011808241149019810
011808232220125700
011808232139545450
011808210922238430
011808200432296020
011808181118512770
011808180436081570
011808171839263140
011808162233513040
011808152202373000
011808151700045330
011808151649218320
011808142212387990
011808122313141800
011808111432419040
011808091927439700
011808050035557920
011807311525468880
011807311100327710
011807311021053720
011807300735302180
011807280841247190
011807262138500320
011807241021095290
011807201826256200
011807151123082490
011807141150458450
011807121417444160
011807091417406460
011807091254173190
011807061839318000
011807052137388040
011807041202239370
011807031009095480
011806292130396130
011806291331004890
011806282014524840
011806281555345190
011806140421431420

